4.131277997189364396e+04 2.100000000000000000e+01 4.000000000000000000e+00 4.066538250737315393e+05
3.482588799378864496e+04 2.700000000000000000e+01 4.000000000000000000e+00 5.168568854069242370e+05
2.883942628924468954e+04 3.300000000000000000e+01 4.000000000000000000e+00 6.538667818151222309e+05
2.362795723702840405e+04 3.900000000000000000e+01 4.000000000000000000e+00 8.252935200610867469e+05
1.920224344901956647e+04 4.500000000000000000e+01 4.000000000000000000e+00 1.041544965987875941e+06
1.549284654176048389e+04 5.100000000000000000e+01 4.000000000000000000e+00 1.316736723946270300e+06
1.619941540112635812e+04 5.100000000000000000e+01 5.000000000000000000e+00 1.431028071556602372e+06
1.550805149095910747e+04 5.700000000000000000e+01 5.000000000000000000e+00 1.531462544720449485e+06
1.481888456405205397e+04 6.300000000000000000e+01 5.000000000000000000e+00 1.635127740285440348e+06
1.435174221497735925e+04 7.000000000000000000e+01 5.000000000000000000e+00 1.741948790991396643e+06
1.385367843177097711e+04 7.700000000000000000e+01 5.000000000000000000e+00 1.852696869865600020e+06
1.318317630728662152e+04 8.300000000000000000e+01 5.000000000000000000e+00 1.967469704980262555e+06
1.268675730338167523e+04 9.000000000000000000e+01 5.000000000000000000e+00 2.086473919402426109e+06
1.231729755299933458e+04 9.800000000000000000e+01 5.000000000000000000e+00 2.210080750675171148e+06
1.181585571292230998e+04 1.050000000000000000e+02 5.000000000000000000e+00 2.338516957104459405e+06
1.132617426394651557e+04 1.120000000000000000e+02 5.000000000000000000e+00 2.472149849321108311e+06
1.094150132110428422e+04 1.200000000000000000e+02 5.000000000000000000e+00 2.611289596640560776e+06
1.047279220155489202e+04 1.270000000000000000e+02 5.000000000000000000e+00 2.756059301868988667e+06
1.009582775608375778e+04 1.350000000000000000e+02 5.000000000000000000e+00 2.906926187332334928e+06
9.722591144583804635e+03 1.430000000000000000e+02 5.000000000000000000e+00 3.064169440392729826e+06
9.293657015084423620e+03 1.500000000000000000e+02 5.000000000000000000e+00 3.228008086731343064e+06
8.939668565724301516e+03 1.580000000000000000e+02 5.000000000000000000e+00 3.398852559379374143e+06
8.593896633464313709e+03 1.660000000000000000e+02 5.000000000000000000e+00 3.577043342718068045e+06
8.257236150975315468e+03 1.740000000000000000e+02 5.000000000000000000e+00 3.762933262815612368e+06
7.973891600655260845e+03 1.830000000000000000e+02 5.000000000000000000e+00 3.956878989342951216e+06
6.369544033557258444e+03 1.300000000000000000e+02 6.000000000000000000e+00 4.081924838421995752e+06
6.384270674142217104e+03 1.360000000000000000e+02 6.000000000000000000e+00 4.123036442012690939e+06
6.349595866580636539e+03 1.410000000000000000e+02 6.000000000000000000e+00 4.163650814242613502e+06
6.314503746887065063e+03 1.460000000000000000e+02 6.000000000000000000e+00 4.203886102457531728e+06
6.320954768735700782e+03 1.520000000000000000e+02 6.000000000000000000e+00 4.243588254172853194e+06
6.284184461567794642e+03 1.570000000000000000e+02 6.000000000000000000e+00 4.282860549190668389e+06
6.285910482199730723e+03 1.630000000000000000e+02 6.000000000000000000e+00 4.321834799206334166e+06
6.248030532509153090e+03 1.680000000000000000e+02 6.000000000000000000e+00 4.360292911741358228e+06
6.246075561948486211e+03 1.740000000000000000e+02 6.000000000000000000e+00 4.398551368462120183e+06
6.207481194766305634e+03 1.790000000000000000e+02 6.000000000000000000e+00 4.436334267380456440e+06
6.202614907843163564e+03 1.850000000000000000e+02 6.000000000000000000e+00 4.473919534309685230e+06
6.163586767171238535e+03 1.900000000000000000e+02 6.000000000000000000e+00 4.511152207165481523e+06
6.156388747565589256e+03 1.960000000000000000e+02 6.000000000000000000e+00 4.548120846181456000e+06
6.147583786047791364e+03 2.020000000000000000e+02 6.000000000000000000e+00 4.584898310064088553e+06
6.108044590127678021e+03 2.070000000000000000e+02 6.000000000000000000e+00 4.621327220317931846e+06
6.097609766238129851e+03 2.130000000000000000e+02 6.000000000000000000e+00 4.657562731752370484e+06
6.085975555149801039e+03 2.190000000000000000e+02 6.000000000000000000e+00 4.693613559971198440e+06
6.046308284517135689e+03 2.240000000000000000e+02 6.000000000000000000e+00 4.729455286637727171e+06
6.033516886576914658e+03 2.300000000000000000e+02 6.000000000000000000e+00 4.765048402195019647e+06
6.019811366013129373e+03 2.360000000000000000e+02 6.000000000000000000e+00 4.800475866540705785e+06
