8.254241263056878233e+04 2.100000000000000000e+01 4.000000000000000000e+00 2.035317295023949991e+05
8.026502544450874848e+04 2.700000000000000000e+01 4.000000000000000000e+00 2.242570771056978265e+05
7.701511082755518146e+04 3.300000000000000000e+01 4.000000000000000000e+00 2.448499087324038846e+05
7.342594493658239662e+04 3.900000000000000000e+01 4.000000000000000000e+00 2.655737017322970787e+05
6.975870429213250463e+04 4.500000000000000000e+01 4.000000000000000000e+00 2.867025728609415819e+05
6.747262848981490242e+04 5.200000000000000000e+01 4.000000000000000000e+00 3.082731541004037135e+05
6.379030411099866615e+04 5.800000000000000000e+01 4.000000000000000000e+00 3.306287591012222692e+05
6.124923845916691789e+04 6.500000000000000000e+01 4.000000000000000000e+00 3.537458948344508535e+05
5.863289206229035335e+04 7.200000000000000000e+01 4.000000000000000000e+00 3.778399013698722702e+05
5.601170066382864024e+04 7.900000000000000000e+01 4.000000000000000000e+00 4.029770262984497822e+05
5.280725877645320725e+04 8.500000000000000000e+01 4.000000000000000000e+00 4.292339195757259731e+05
5.036029570940977283e+04 9.200000000000000000e+01 4.000000000000000000e+00 4.567089941789692966e+05
4.797805734569679043e+04 9.900000000000000000e+01 4.000000000000000000e+00 4.855160657968595624e+05
4.610499200078566355e+04 1.070000000000000000e+02 4.000000000000000000e+00 5.157310899733500555e+05
4.383890675169930910e+04 1.140000000000000000e+02 4.000000000000000000e+00 5.474589075848634820e+05
4.166598670477804990e+04 1.210000000000000000e+02 4.000000000000000000e+00 5.808094782794344937e+05
3.958636839645241707e+04 1.280000000000000000e+02 4.000000000000000000e+00 6.158926258852608735e+05
3.759896855899004731e+04 1.350000000000000000e+02 4.000000000000000000e+00 6.528225503565213876e+05
3.595664040919218678e+04 1.430000000000000000e+02 4.000000000000000000e+00 6.916543073649752187e+05
3.412645494735831744e+04 1.500000000000000000e+02 4.000000000000000000e+00 7.325694988994223531e+05
3.259080803073626157e+04 1.580000000000000000e+02 4.000000000000000000e+00 7.756788348468847107e+05
3.091606826820947026e+04 1.650000000000000000e+02 4.000000000000000000e+00 8.210816189301148988e+05
2.949428638257573039e+04 1.730000000000000000e+02 4.000000000000000000e+00 8.689693080613329075e+05
2.796797189057001742e+04 1.800000000000000000e+02 4.000000000000000000e+00 9.194190345620240550e+05
2.666011771579418200e+04 1.880000000000000000e+02 4.000000000000000000e+00 9.726526626473356737e+05
2.527283835340235237e+04 1.950000000000000000e+02 4.000000000000000000e+00 1.028772456675795256e+06
2.407515064963608893e+04 2.030000000000000000e+02 4.000000000000000000e+00 1.087991048043253133e+06
2.189724147165212344e+04 1.560000000000000000e+02 5.000000000000000000e+00 1.113153911717854906e+06
2.174003037862369456e+04 1.620000000000000000e+02 5.000000000000000000e+00 1.129044169578959467e+06
2.157906820943157072e+04 1.680000000000000000e+02 5.000000000000000000e+00 1.144900331801303895e+06
2.141506053570468794e+04 1.740000000000000000e+02 5.000000000000000000e+00 1.160731851105407113e+06
2.124860097453363778e+04 1.800000000000000000e+02 5.000000000000000000e+00 1.176548048032074934e+06
2.108019179694463310e+04 1.860000000000000000e+02 5.000000000000000000e+00 1.192357990726546617e+06
2.101941230419967178e+04 1.930000000000000000e+02 5.000000000000000000e+00 1.208156368721660227e+06
2.084484584887932215e+04 1.990000000000000000e+02 5.000000000000000000e+00 1.223939034991336055e+06
2.066967338748509792e+04 2.050000000000000000e+02 5.000000000000000000e+00 1.239738989563096315e+06
2.059163944225979139e+04 2.120000000000000000e+02 5.000000000000000000e+00 1.255541532235963736e+06
2.041323379165142615e+04 2.180000000000000000e+02 5.000000000000000000e+00 1.271350792200054042e+06
2.032558541138802320e+04 2.250000000000000000e+02 5.000000000000000000e+00 1.287185100362025667e+06
2.014539588740570616e+04 2.310000000000000000e+02 5.000000000000000000e+00 1.303027259762649192e+06
2.005039325700300105e+04 2.380000000000000000e+02 5.000000000000000000e+00 1.318899041304748040e+06
1.986948316516438717e+04 2.440000000000000000e+02 5.000000000000000000e+00 1.334797634642720455e+06
1.976885525882671573e+04 2.510000000000000000e+02 5.000000000000000000e+00 1.350716938840050949e+06
1.966447553140155651e+04 2.580000000000000000e+02 5.000000000000000000e+00 1.366677690288977465e+06
1.948310421282244715e+04 2.640000000000000000e+02 5.000000000000000000e+00 1.382673685668365797e+06
