2.788223237582478760e+03 2.600000000000000000e+01 6.000000000000000000e+00 1.118992180376915261e+07
2.362254580767487823e+03 3.300000000000000000e+01 6.000000000000000000e+00 1.396970515738334134e+07
2.037469187202894545e+03 4.100000000000000000e+01 6.000000000000000000e+00 1.724828888877697289e+07
1.737441348440331012e+03 4.900000000000000000e+01 6.000000000000000000e+00 2.115179314282453060e+07
1.472187543824233899e+03 5.700000000000000000e+01 6.000000000000000000e+00 2.581192875826753676e+07
1.295824916259994325e+03 5.200000000000000000e+01 7.000000000000000000e+00 2.809021461406805366e+07
1.271187730855235941e+03 5.900000000000000000e+01 7.000000000000000000e+00 2.953572759878237918e+07
1.242951953115062224e+03 6.600000000000000000e+01 7.000000000000000000e+00 3.097464862057784200e+07
1.212719340365241806e+03 7.300000000000000000e+01 7.000000000000000000e+00 3.241285184406622872e+07
1.196223556875732584e+03 8.100000000000000000e+01 7.000000000000000000e+00 3.385654777253919095e+07
1.163242059760525080e+03 8.800000000000000000e+01 7.000000000000000000e+00 3.530362947426521778e+07
1.142417913979183822e+03 9.600000000000000000e+01 7.000000000000000000e+00 3.676412938388612121e+07
1.119912656493622762e+03 1.040000000000000000e+02 7.000000000000000000e+00 3.823827614007196575e+07
1.096352406434280056e+03 1.120000000000000000e+02 7.000000000000000000e+00 3.972769640485706925e+07
1.072168188263201728e+03 1.200000000000000000e+02 7.000000000000000000e+00 4.123469321301708370e+07
1.047663728261900360e+03 1.280000000000000000e+02 7.000000000000000000e+00 4.276181258496396244e+07
1.023057022102785368e+03 1.360000000000000000e+02 7.000000000000000000e+00 4.431163889589992911e+07
1.005485270904414733e+03 1.450000000000000000e+02 7.000000000000000000e+00 4.588467377037245035e+07
9.806647487307748179e+02 1.530000000000000000e+02 7.000000000000000000e+00 4.748331930108772218e+07
9.621680531142727659e+02 1.620000000000000000e+02 7.000000000000000000e+00 4.910784539879989624e+07
9.432454745674618835e+02 1.710000000000000000e+02 7.000000000000000000e+00 5.076091143925818801e+07
9.240708780245909111e+02 1.800000000000000000e+02 7.000000000000000000e+00 5.244352961878410727e+07
9.047777692135380221e+02 1.890000000000000000e+02 7.000000000000000000e+00 5.415694512763325125e+07
8.854695223560105433e+02 1.980000000000000000e+02 7.000000000000000000e+00 5.590254520369375497e+07
8.662266893281016564e+02 2.070000000000000000e+02 7.000000000000000000e+00 5.768180299331992865e+07
8.510443174382126017e+02 2.170000000000000000e+02 7.000000000000000000e+00 5.949553072130042315e+07
8.318890844613536046e+02 2.260000000000000000e+02 7.000000000000000000e+00 6.134502666008583456e+07
8.164345939831832766e+02 2.360000000000000000e+02 7.000000000000000000e+00 6.323225446405246109e+07
7.976019981333879514e+02 2.450000000000000000e+02 7.000000000000000000e+00 6.515743076286245137e+07
7.821517343627464243e+02 2.550000000000000000e+02 7.000000000000000000e+00 6.712252583927856386e+07
7.666843747213990810e+02 2.650000000000000000e+02 7.000000000000000000e+00 6.912883808184997737e+07
7.485223130860647416e+02 2.740000000000000000e+02 7.000000000000000000e+00 7.117727400552709401e+07
7.333216872563443758e+02 2.840000000000000000e+02 7.000000000000000000e+00 7.326897685346600413e+07
7.182215615872589751e+02 2.940000000000000000e+02 7.000000000000000000e+00 7.540555398692566156e+07
7.032519777789052569e+02 3.040000000000000000e+02 7.000000000000000000e+00 7.758826748903495073e+07
6.906299662358926525e+02 3.150000000000000000e+02 7.000000000000000000e+00 7.981843055615603924e+07
6.758814862502545111e+02 3.250000000000000000e+02 7.000000000000000000e+00 8.209694451891471446e+07
6.613320805901815902e+02 3.350000000000000000e+02 7.000000000000000000e+00 8.442556315052327514e+07
6.469938636683258437e+02 3.450000000000000000e+02 7.000000000000000000e+00 8.680575481696631014e+07
6.346610503642598360e+02 3.560000000000000000e+02 7.000000000000000000e+00 8.923875760747809708e+07
6.206917505426499702e+02 3.660000000000000000e+02 7.000000000000000000e+00 9.172561627177810669e+07
6.085761270693487859e+02 3.770000000000000000e+02 7.000000000000000000e+00 9.426851081664906442e+07
5.950195250410254175e+02 3.870000000000000000e+02 7.000000000000000000e+00 9.686791012171636522e+07
5.831797391746418953e+02 3.980000000000000000e+02 7.000000000000000000e+00 9.952620567513442039e+07
5.700629141894233953e+02 4.080000000000000000e+02 7.000000000000000000e+00 1.022443537983718067e+08
