1.651873178559319786e+04 2.200000000000000000e+01 4.000000000000000000e+00 1.065457096128277248e+06
1.321190274464085996e+04 2.600000000000000000e+01 5.000000000000000000e+00 1.639935373839722481e+06
1.231116209423216424e+04 3.300000000000000000e+01 5.000000000000000000e+00 1.914638796159778722e+06
1.099805788384182415e+04 3.900000000000000000e+01 5.000000000000000000e+00 2.216300392072983086e+06
1.001850423497321754e+04 4.600000000000000000e+01 5.000000000000000000e+00 2.550835429738566279e+06
9.068427922629216482e+03 5.300000000000000000e+01 5.000000000000000000e+00 2.922226457120787818e+06
8.176469094119854162e+03 6.000000000000000000e+01 5.000000000000000000e+00 3.335514016966146883e+06
7.353182513958339769e+03 6.700000000000000000e+01 5.000000000000000000e+00 3.796542056949252263e+06
6.600747326269673067e+03 7.400000000000000000e+01 5.000000000000000000e+00 4.311866074356027879e+06
5.626413990427524368e+03 6.200000000000000000e+01 6.000000000000000000e+00 4.722622369529820979e+06
5.589627942538022580e+03 6.800000000000000000e+01 6.000000000000000000e+00 4.866155722638238221e+06
5.540352372120695691e+03 7.400000000000000000e+01 6.000000000000000000e+00 5.008706691588653252e+06
5.482420741364848254e+03 8.000000000000000000e+01 6.000000000000000000e+00 5.150150900424670428e+06
5.355769146110778820e+03 8.500000000000000000e+01 6.000000000000000000e+00 5.290245445681366138e+06
5.292369357411686906e+03 9.100000000000000000e+01 6.000000000000000000e+00 5.429863292708153836e+06
5.225207619549652009e+03 9.700000000000000000e+01 6.000000000000000000e+00 5.569156695539699867e+06
5.205507100192771759e+03 1.040000000000000000e+02 6.000000000000000000e+00 5.708240358213193715e+06
5.130788621653080554e+03 1.100000000000000000e+02 6.000000000000000000e+00 5.847054363805450499e+06
5.055220259085413090e+03 1.160000000000000000e+02 6.000000000000000000e+00 5.986063517377216369e+06
4.979201616555483270e+03 1.220000000000000000e+02 6.000000000000000000e+00 6.125480016432698816e+06
4.941755042114746175e+03 1.290000000000000000e+02 6.000000000000000000e+00 6.264980707491958514e+06
4.863917457922198992e+03 1.350000000000000000e+02 6.000000000000000000e+00 6.405093512247772887e+06
4.820896176694841415e+03 1.420000000000000000e+02 6.000000000000000000e+00 6.545578746976818889e+06
4.774827835766057433e+03 1.490000000000000000e+02 6.000000000000000000e+00 6.686852914236836135e+06
4.696222178672467635e+03 1.550000000000000000e+02 6.000000000000000000e+00 6.828672983761313371e+06
4.647659792099033439e+03 1.620000000000000000e+02 6.000000000000000000e+00 6.971250360252188519e+06
4.597478839475182212e+03 1.690000000000000000e+02 6.000000000000000000e+00 7.114698851575085893e+06
4.546051137230531822e+03 1.760000000000000000e+02 6.000000000000000000e+00 7.259047248664188199e+06
4.493679410343400377e+03 1.830000000000000000e+02 6.000000000000000000e+00 7.404339347426793538e+06
4.440611948656218374e+03 1.900000000000000000e+02 6.000000000000000000e+00 7.550628641363781877e+06
4.387053725517242128e+03 1.970000000000000000e+02 6.000000000000000000e+00 7.697974696548046544e+06
4.333174928832346268e+03 2.040000000000000000e+02 6.000000000000000000e+00 7.846440671889035963e+06
4.279117575797187783e+03 2.110000000000000000e+02 6.000000000000000000e+00 7.996091626400761306e+06
4.244429452287859021e+03 2.190000000000000000e+02 6.000000000000000000e+00 8.146901192993583158e+06
4.189608073733423225e+03 2.260000000000000000e+02 6.000000000000000000e+00 8.298922036935875192e+06
4.134964563702726082e+03 2.330000000000000000e+02 6.000000000000000000e+00 8.452309436166826636e+06
4.097648238872390721e+03 2.410000000000000000e+02 6.000000000000000000e+00 8.606959559962647036e+06
4.042961885904877363e+03 2.480000000000000000e+02 6.000000000000000000e+00 8.763023849442489445e+06
4.004380749545797244e+03 2.560000000000000000e+02 6.000000000000000000e+00 8.920462979602985084e+06
3.949993896207616672e+03 2.630000000000000000e+02 6.000000000000000000e+00 9.079415641140354797e+06
3.910635315728391561e+03 2.710000000000000000e+02 6.000000000000000000e+00 9.239760401080293581e+06
3.870723750924214528e+03 2.790000000000000000e+02 6.000000000000000000e+00 9.401679553891416639e+06
3.830380725852874548e+03 2.870000000000000000e+02 6.000000000000000000e+00 9.565184375812282786e+06
3.776884309913954439e+03 2.940000000000000000e+02 6.000000000000000000e+00 9.730242439127620310e+06
3.736474165099913535e+03 3.020000000000000000e+02 6.000000000000000000e+00 9.896921590449655429e+06
