2.828773484660377562e+03 2.710000000000000000e+02 5.000000000000000000e+00 9.580123734528578818e+06
2.439821122109140560e+03 4.420000000000000000e+02 5.000000000000000000e+00 1.229305577817498147e+07
2.111754444968618827e+03 6.300000000000000000e+02 5.000000000000000000e+00 1.531965585697256215e+07
1.828526446861215618e+03 8.310000000000000000e+02 5.000000000000000000e+00 1.877135170913030952e+07
1.586864309052544058e+03 1.045000000000000000e+03 5.000000000000000000e+00 2.274926708859809488e+07
1.031465481831643729e+03 7.260000000000000000e+02 6.000000000000000000e+00 2.507476057664282620e+07
1.027018374822170927e+03 8.470000000000000000e+02 6.000000000000000000e+00 2.575829919296530634e+07
1.023046742373469328e+03 9.710000000000000000e+02 6.000000000000000000e+00 2.639032555123456568e+07
1.018697666102616836e+03 1.097000000000000000e+03 6.000000000000000000e+00 2.698079679560788721e+07
1.014270454961012888e+03 1.225000000000000000e+03 6.000000000000000000e+00 2.753703399659175426e+07
1.010673461001712553e+03 1.356000000000000000e+03 6.000000000000000000e+00 2.806449144230536371e+07
1.007108320454799241e+03 1.489000000000000000e+03 6.000000000000000000e+00 2.856744194267386943e+07
1.003650204485091876e+03 1.624000000000000000e+03 6.000000000000000000e+00 2.904923992468956858e+07
9.997734790999982124e+02 1.760000000000000000e+03 6.000000000000000000e+00 2.951256756630765647e+07
9.961534105984856069e+02 1.898000000000000000e+03 6.000000000000000000e+00 2.995965628945949674e+07
9.927830045115962321e+02 2.038000000000000000e+03 6.000000000000000000e+00 3.039232830927715451e+07
9.896509787246623091e+02 2.180000000000000000e+03 6.000000000000000000e+00 3.081212689047020674e+07
9.863201438302719453e+02 2.323000000000000000e+03 6.000000000000000000e+00 3.122034565204262733e+07
9.828554653374144436e+02 2.467000000000000000e+03 6.000000000000000000e+00 3.161809970581901073e+07
9.796803509361608349e+02 2.613000000000000000e+03 6.000000000000000000e+00 3.200635796159114689e+07
