8.775984410942767227e+02 2.420000000000000000e+02 6.000000000000000000e+00 3.309030490504295379e+07
8.190475429439617301e+02 3.880000000000000000e+02 6.000000000000000000e+00 3.857442218888062239e+07
7.668593769763965611e+02 5.460000000000000000e+02 6.000000000000000000e+00 4.387428310267761350e+07
7.204022044971371770e+02 7.150000000000000000e+02 6.000000000000000000e+00 4.919353413072937727e+07
6.775309189429181060e+02 8.930000000000000000e+02 6.000000000000000000e+00 5.463796272008646280e+07
6.377284358735039405e+02 1.079000000000000000e+03 6.000000000000000000e+00 6.027546027071717381e+07
6.009907142222488119e+02 1.273000000000000000e+03 6.000000000000000000e+00 6.615651642180167139e+07
5.666863153004508149e+02 1.474000000000000000e+03 6.000000000000000000e+00 7.232288681997370720e+07
5.344045054881129317e+02 1.681000000000000000e+03 6.000000000000000000e+00 7.881176562853561342e+07
5.041343605215064372e+02 1.894000000000000000e+03 6.000000000000000000e+00 8.565811692606857419e+07
4.757849409792539745e+02 2.113000000000000000e+03 6.000000000000000000e+00 9.289602991453015804e+07
4.488511189147651521e+02 2.336000000000000000e+03 6.000000000000000000e+00 1.005595603628468663e+08
4.235316397493750173e+02 2.564000000000000000e+03 6.000000000000000000e+00 1.086834177700893134e+08
2.652593448364620485e+02 1.553000000000000000e+03 7.000000000000000000e+00 1.145100202215428203e+08
2.647031190400030596e+02 1.671000000000000000e+03 7.000000000000000000e+00 1.158059905290316194e+08
2.639899522901342266e+02 1.789000000000000000e+03 7.000000000000000000e+00 1.170533530645435750e+08
2.634344461806869617e+02 1.909000000000000000e+03 7.000000000000000000e+00 1.182571474104103893e+08
2.628853406866780915e+02 2.030000000000000000e+03 7.000000000000000000e+00 1.194215925639194548e+08
2.623475740052477363e+02 2.152000000000000000e+03 7.000000000000000000e+00 1.205502946538918018e+08
2.618244992162855738e+02 2.275000000000000000e+03 7.000000000000000000e+00 1.216463703562348783e+08
