5.401064179457688397e+02 3.100000000000000000e+02 6.000000000000000000e+00 6.887531561184889078e+07
4.141869384134189431e+02 5.090000000000000000e+02 6.000000000000000000e+00 1.000686864146656394e+08
2.489836076185485467e+02 4.400000000000000000e+02 7.000000000000000000e+00 1.270462450720627308e+08
2.450572538508248215e+02 5.680000000000000000e+02 7.000000000000000000e+00 1.340307902548292279e+08
2.417934127635537322e+02 7.020000000000000000e+02 7.000000000000000000e+00 1.404143824235326648e+08
2.385290545053680660e+02 8.400000000000000000e+02 7.000000000000000000e+00 1.463658172477025986e+08
2.354246623236244602e+02 9.820000000000000000e+02 7.000000000000000000e+00 1.519911524997181594e+08
2.327362932766828862e+02 1.129000000000000000e+03 7.000000000000000000e+00 1.573611834276582599e+08
2.302111455928785517e+02 1.280000000000000000e+03 7.000000000000000000e+00 1.625263821133690178e+08
2.276955943448058122e+02 1.434000000000000000e+03 7.000000000000000000e+00 1.675236629402537346e+08
2.252344933603582149e+02 1.591000000000000000e+03 7.000000000000000000e+00 1.723814054980958700e+08
2.229780220046376940e+02 1.752000000000000000e+03 7.000000000000000000e+00 1.771216594939305484e+08
2.207852558998674510e+02 1.916000000000000000e+03 7.000000000000000000e+00 1.817621087840562165e+08
2.187700093129989511e+02 2.084000000000000000e+03 7.000000000000000000e+00 1.863170750108487904e+08
2.167168373221291802e+02 2.254000000000000000e+03 7.000000000000000000e+00 1.907984718226973116e+08
2.147408798178987297e+02 2.427000000000000000e+03 7.000000000000000000e+00 1.952162491206062734e+08
2.128402235012795813e+02 2.603000000000000000e+03 7.000000000000000000e+00 1.995788399823780656e+08
2.109360653545774369e+02 2.781000000000000000e+03 7.000000000000000000e+00 2.038934797603102922e+08
2.091818873780790966e+02 2.963000000000000000e+03 7.000000000000000000e+00 2.081664021191019118e+08
2.073604606538738437e+02 3.146000000000000000e+03 7.000000000000000000e+00 2.124030775255570710e+08
