3.695874525564500345e+03 3.100000000000000000e+02 6.000000000000000000e+00 1.006527676810622774e+07
2.834224707652726011e+03 5.090000000000000000e+02 6.000000000000000000e+00 1.462380267352510989e+07
1.703358376808647336e+03 4.400000000000000000e+02 7.000000000000000000e+00 1.857062662978640944e+07
1.676497220588224309e+03 5.680000000000000000e+02 7.000000000000000000e+00 1.959157282693263888e+07
1.654168477303674990e+03 7.020000000000000000e+02 7.000000000000000000e+00 2.052467641180898622e+07
1.631836195925120819e+03 8.400000000000000000e+02 7.000000000000000000e+00 2.139461061544072255e+07
1.610598281998781431e+03 9.820000000000000000e+02 7.000000000000000000e+00 2.221687813364483416e+07
1.592206485125644804e+03 1.129000000000000000e+03 7.000000000000000000e+00 2.300182726218158007e+07
1.574931325925298324e+03 1.280000000000000000e+03 7.000000000000000000e+00 2.375683561529418081e+07
1.557721818312810001e+03 1.434000000000000000e+03 7.000000000000000000e+00 2.448729904888584465e+07
1.540884818406963404e+03 1.591000000000000000e+03 7.000000000000000000e+00 2.519736586946870014e+07
1.525447740349665310e+03 1.752000000000000000e+03 7.000000000000000000e+00 2.589025913079307973e+07
1.510446485653955506e+03 1.916000000000000000e+03 7.000000000000000000e+00 2.656856372068868205e+07
1.496659685840465272e+03 2.084000000000000000e+03 7.000000000000000000e+00 2.723437306484577805e+07
1.482613428967864593e+03 2.254000000000000000e+03 7.000000000000000000e+00 2.788942860722366720e+07
1.469095415475967457e+03 2.427000000000000000e+03 7.000000000000000000e+00 2.853518474654505402e+07
1.456092556013398053e+03 2.603000000000000000e+03 7.000000000000000000e+00 2.917287416417820007e+07
1.443065739666024001e+03 2.781000000000000000e+03 7.000000000000000000e+00 2.980355446734303981e+07
1.431064974719042539e+03 2.963000000000000000e+03 7.000000000000000000e+00 3.042813684439933673e+07
1.418604144473657698e+03 3.146000000000000000e+03 7.000000000000000000e+00 3.104742092540661991e+07
