6.005286392358937519e+03 2.420000000000000000e+02 6.000000000000000000e+00 4.835739397366657853e+06
5.604630585035429249e+03 3.880000000000000000e+02 6.000000000000000000e+00 5.637175409677066840e+06
5.247514085903542764e+03 5.460000000000000000e+02 6.000000000000000000e+00 6.411684629067970440e+06
4.929613993271997970e+03 7.150000000000000000e+02 6.000000000000000000e+00 7.189027474189742468e+06
4.636251635607978642e+03 8.930000000000000000e+02 6.000000000000000000e+00 7.984663473956279457e+06
4.363888674638256816e+03 1.079000000000000000e+03 6.000000000000000000e+00 8.808514118015721440e+06
4.112497457895139632e+03 1.273000000000000000e+03 6.000000000000000000e+00 9.667957843588363379e+06
3.877757136585708849e+03 1.474000000000000000e+03 6.000000000000000000e+00 1.056909672274845466e+07
3.656857116589060752e+03 1.681000000000000000e+03 6.000000000000000000e+00 1.151736622311556339e+07
3.449722644659015259e+03 1.894000000000000000e+03 6.000000000000000000e+00 1.251787591296876594e+07
3.255731434742914189e+03 2.113000000000000000e+03 6.000000000000000000e+00 1.357560750817330182e+07
3.071426965222194212e+03 2.336000000000000000e+03 6.000000000000000000e+00 1.469553783876981027e+07
2.898169223898107703e+03 2.564000000000000000e+03 6.000000000000000000e+00 1.588273926938595250e+07
1.814704716409214825e+03 1.553000000000000000e+03 7.000000000000000000e+00 1.673817931177237071e+07
1.810899438307345008e+03 1.671000000000000000e+03 7.000000000000000000e+00 1.692761411710654199e+07
1.806020488367348435e+03 1.789000000000000000e+03 7.000000000000000000e+00 1.710994381843567267e+07
1.802220133822140951e+03 1.909000000000000000e+03 7.000000000000000000e+00 1.728590506249653175e+07
1.798463567468565543e+03 2.030000000000000000e+03 7.000000000000000000e+00 1.745611454932091385e+07
1.794784572733352661e+03 2.152000000000000000e+03 7.000000000000000000e+00 1.762109939462072402e+07
1.791206088864482354e+03 2.275000000000000000e+03 7.000000000000000000e+00 1.778131516970835626e+07
