1.937516620092274752e+04 2.710000000000000000e+02 5.000000000000000000e+00 1.398697679233809700e+06
1.671110818795796877e+04 4.420000000000000000e+02 5.000000000000000000e+00 1.794785648295306368e+06
1.446407553262140573e+04 6.300000000000000000e+02 5.000000000000000000e+00 2.236669137850397732e+06
1.252415720199395037e+04 8.310000000000000000e+02 5.000000000000000000e+00 2.740616593187891413e+06
1.086893662321527700e+04 1.045000000000000000e+03 5.000000000000000000e+00 3.321392078309938777e+06
7.058177558414899067e+03 7.260000000000000000e+02 6.000000000000000000e+00 3.664366585559288971e+06
7.027746611914983987e+03 8.470000000000000000e+02 6.000000000000000000e+00 3.764257312648609746e+06
7.000569272960394301e+03 9.710000000000000000e+02 6.000000000000000000e+00 3.856620159398657270e+06
6.970809137429483599e+03 1.097000000000000000e+03 6.000000000000000000e+00 3.942910239457515068e+06
6.940514335638789817e+03 1.225000000000000000e+03 6.000000000000000000e+00 4.024197436864652671e+06
6.915900596751273952e+03 1.356000000000000000e+03 6.000000000000000000e+00 4.101278828468361869e+06
6.891504826418626180e+03 1.489000000000000000e+03 6.000000000000000000e+00 4.174778832670093514e+06
6.867841410665303556e+03 1.624000000000000000e+03 6.000000000000000000e+00 4.245187657547678798e+06
6.841313507797805869e+03 1.760000000000000000e+03 6.000000000000000000e+00 4.312897270284432918e+06
6.816541872966236951e+03 1.898000000000000000e+03 6.000000000000000000e+00 4.378233765637614764e+06
6.793478643973848193e+03 2.038000000000000000e+03 6.000000000000000000e+00 4.441463437844460830e+06
6.772046618849308288e+03 2.180000000000000000e+03 6.000000000000000000e+00 4.502811815982991830e+06
6.749254170128072474e+03 2.323000000000000000e+03 6.000000000000000000e+00 4.562467946494473144e+06
6.725545847924227019e+03 2.467000000000000000e+03 6.000000000000000000e+00 4.620594789200466126e+06
6.703818973290932263e+03 2.613000000000000000e+03 6.000000000000000000e+00 4.677333938301023096e+06
