5.585391521878707408e+02 4.190000000000000000e+02 7.000000000000000000e+00 1.050239714981861413e+08
3.367311191322222612e+02 6.850000000000000000e+02 7.000000000000000000e+00 1.932550818816581666e+08
2.009631528036584029e+02 9.660000000000000000e+02 7.000000000000000000e+00 3.455736367522957325e+08
1.142871804135091480e+02 1.209000000000000000e+03 7.000000000000000000e+00 6.117198698706451654e+08
6.460498187462856379e+01 1.446000000000000000e+03 7.000000000000000000e+00 1.082483365099160194e+09
3.651327361076042877e+01 1.683000000000000000e+03 7.000000000000000000e+00 1.915733117925254583e+09
2.062774364282439521e+01 1.920000000000000000e+03 7.000000000000000000e+00 3.391628529374002457e+09
1.163448053592714082e+01 2.156000000000000000e+03 7.000000000000000000e+00 6.011315792690225601e+09
0.000000000000000000e+00 0.000000000000000000e+00 0.000000000000000000e+00 1.000000000000000000e+10
0.000000000000000000e+00 0.000000000000000000e+00 0.000000000000000000e+00 1.000000000000000000e+10
0.000000000000000000e+00 0.000000000000000000e+00 0.000000000000000000e+00 1.000000000000000000e+10
0.000000000000000000e+00 0.000000000000000000e+00 0.000000000000000000e+00 1.000000000000000000e+10
0.000000000000000000e+00 0.000000000000000000e+00 0.000000000000000000e+00 1.000000000000000000e+10
0.000000000000000000e+00 0.000000000000000000e+00 0.000000000000000000e+00 1.000000000000000000e+10
0.000000000000000000e+00 0.000000000000000000e+00 0.000000000000000000e+00 1.000000000000000000e+10
0.000000000000000000e+00 0.000000000000000000e+00 0.000000000000000000e+00 1.000000000000000000e+10
0.000000000000000000e+00 0.000000000000000000e+00 0.000000000000000000e+00 1.000000000000000000e+10
0.000000000000000000e+00 0.000000000000000000e+00 0.000000000000000000e+00 1.000000000000000000e+10
0.000000000000000000e+00 0.000000000000000000e+00 0.000000000000000000e+00 1.000000000000000000e+10
0.000000000000000000e+00 0.000000000000000000e+00 0.000000000000000000e+00 1.000000000000000000e+10
