2.402748587340334325e+03 2.200000000000000000e+01 4.000000000000000000e+00 7.324944479306469671e+06
1.928937268376660768e+03 2.600000000000000000e+01 5.000000000000000000e+00 1.123243716728057340e+07
1.797429169710105270e+03 3.300000000000000000e+01 5.000000000000000000e+00 1.311396797640167363e+07
1.605716007901398143e+03 3.900000000000000000e+01 5.000000000000000000e+00 1.518014386109102704e+07
1.462701214635270389e+03 4.600000000000000000e+01 5.000000000000000000e+00 1.747148036786714569e+07
1.323990111314017895e+03 5.300000000000000000e+01 5.000000000000000000e+00 2.001525523004065454e+07
1.193764158290923888e+03 6.000000000000000000e+01 5.000000000000000000e+00 2.284599272252637520e+07
1.073564350759636909e+03 6.700000000000000000e+01 5.000000000000000000e+00 2.600371989523802698e+07
9.637088436746040543e+02 7.400000000000000000e+01 5.000000000000000000e+00 2.953333742690908909e+07
8.222309186174603610e+02 6.200000000000000000e+01 6.000000000000000000e+00 3.231626051730951667e+07
8.168550920252558853e+02 6.800000000000000000e+01 6.000000000000000000e+00 3.329843966885502264e+07
8.096540759609263205e+02 7.400000000000000000e+01 6.000000000000000000e+00 3.427389649964438379e+07
8.011880835802680849e+02 8.000000000000000000e+01 6.000000000000000000e+00 3.524177992197791487e+07
7.826795170781775823e+02 8.500000000000000000e+01 6.000000000000000000e+00 3.620042778058706969e+07
7.734144209457391526e+02 9.100000000000000000e+01 6.000000000000000000e+00 3.715581365824993700e+07
7.635995624031223770e+02 9.700000000000000000e+01 6.000000000000000000e+00 3.810897940855212510e+07
7.607205748000759513e+02 1.040000000000000000e+02 6.000000000000000000e+00 3.906070993556981534e+07
7.498013919329933969e+02 1.100000000000000000e+02 6.000000000000000000e+00 4.001059523597280681e+07
7.387580090112703601e+02 1.160000000000000000e+02 6.000000000000000000e+00 4.096181590737344325e+07
7.276488232340100240e+02 1.220000000000000000e+02 6.000000000000000000e+00 4.191582398834069818e+07
7.221764688438303210e+02 1.290000000000000000e+02 6.000000000000000000e+00 4.287040818370260298e+07
7.108014672064659862e+02 1.350000000000000000e+02 6.000000000000000000e+00 4.382918098957288265e+07
7.045144382669227525e+02 1.420000000000000000e+02 6.000000000000000000e+00 4.479050228293540329e+07
6.977821191831329770e+02 1.490000000000000000e+02 6.000000000000000000e+00 4.575722213396495581e+07
6.862948731769640744e+02 1.550000000000000000e+02 6.000000000000000000e+00 4.672767751970697939e+07
6.791980801236151137e+02 1.620000000000000000e+02 6.000000000000000000e+00 4.770331505369265378e+07
6.718647536312513466e+02 1.690000000000000000e+02 6.000000000000000000e+00 4.868491350761842728e+07
6.643492300791369871e+02 1.760000000000000000e+02 6.000000000000000000e+00 4.967266989391867816e+07
6.566957489842066025e+02 1.830000000000000000e+02 6.000000000000000000e+00 5.066688390201148391e+07
6.489405948405576510e+02 1.900000000000000000e+02 6.000000000000000000e+00 5.166792158062469959e+07
6.411137219716214304e+02 1.970000000000000000e+02 6.000000000000000000e+00 5.267619053226791322e+07
6.332400012380254566e+02 2.040000000000000000e+02 6.000000000000000000e+00 5.369212294474098086e+07
6.253401866990050166e+02 2.110000000000000000e+02 6.000000000000000000e+00 5.471616400800018758e+07
6.202709458456449738e+02 2.190000000000000000e+02 6.000000000000000000e+00 5.574813329564860463e+07
6.122594784126798686e+02 2.260000000000000000e+02 6.000000000000000000e+00 5.678839118893206120e+07
6.042740042677869496e+02 2.330000000000000000e+02 6.000000000000000000e+00 5.783800023360219598e+07
5.988206842495877709e+02 2.410000000000000000e+02 6.000000000000000000e+00 5.889624993018284440e+07
5.908289491385886549e+02 2.480000000000000000e+02 6.000000000000000000e+00 5.996417656958964467e+07
5.851907925358567581e+02 2.560000000000000000e+02 6.000000000000000000e+00 6.104151105619008839e+07
5.772428255968709436e+02 2.630000000000000000e+02 6.000000000000000000e+00 6.212920243149534613e+07
5.714910551373969838e+02 2.710000000000000000e+02 6.000000000000000000e+00 6.322641974623069167e+07
5.656584728481748243e+02 2.790000000000000000e+02 6.000000000000000000e+00 6.433441041657245159e+07
5.597628379694314162e+02 2.870000000000000000e+02 6.000000000000000000e+00 6.545325160428252071e+07
5.519449974594659807e+02 2.940000000000000000e+02 6.000000000000000000e+00 6.658272141092982888e+07
5.460395538592538287e+02 3.020000000000000000e+02 6.000000000000000000e+00 6.772328410162477195e+07
