6.009191565368398187e+03 2.100000000000000000e+01 4.000000000000000000e+00 2.795717163822861388e+06
5.065634230645233401e+03 2.700000000000000000e+01 4.000000000000000000e+00 3.553355647177718580e+06
4.194867479876571451e+03 3.300000000000000000e+01 4.000000000000000000e+00 4.495289290449218825e+06
3.436828057376748347e+03 3.900000000000000000e+01 4.000000000000000000e+00 5.673836361451233737e+06
2.793081449578128286e+03 4.500000000000000000e+01 4.000000000000000000e+00 7.160550224205180071e+06
2.253527427242429440e+03 5.100000000000000000e+01 4.000000000000000000e+00 9.052474690739769489e+06
2.365113995849119419e+03 5.100000000000000000e+01 5.000000000000000000e+00 9.801564838947849348e+06
2.264174892821497451e+03 5.700000000000000000e+01 5.000000000000000000e+00 1.048947237923125923e+07
2.163556549261342298e+03 6.300000000000000000e+01 5.000000000000000000e+00 1.119950816124580987e+07
2.095353785118780706e+03 7.000000000000000000e+01 5.000000000000000000e+00 1.193115939539670944e+07
2.022636492838895947e+03 7.700000000000000000e+01 5.000000000000000000e+00 1.268970809017783776e+07
1.924743209680402970e+03 8.300000000000000000e+01 5.000000000000000000e+00 1.347582361613154225e+07
1.852266055112255117e+03 9.000000000000000000e+01 5.000000000000000000e+00 1.429092120013498142e+07
1.798324946442899545e+03 9.800000000000000000e+01 5.000000000000000000e+00 1.513754356578769535e+07
1.725114457996010515e+03 1.050000000000000000e+02 5.000000000000000000e+00 1.601724385260025412e+07
1.653620986176046245e+03 1.120000000000000000e+02 5.000000000000000000e+00 1.693253788750543073e+07
1.597458752020524116e+03 1.200000000000000000e+02 5.000000000000000000e+00 1.788555011845556647e+07
1.529027239451786272e+03 1.270000000000000000e+02 5.000000000000000000e+00 1.887712371558865160e+07
1.473990445601849615e+03 1.350000000000000000e+02 5.000000000000000000e+00 1.991045883270526677e+07
1.419497915361501100e+03 1.430000000000000000e+02 5.000000000000000000e+00 2.098746771253952384e+07
1.356873549737430267e+03 1.500000000000000000e+02 5.000000000000000000e+00 2.210965053140383959e+07
1.305191250393940436e+03 1.580000000000000000e+02 5.000000000000000000e+00 2.327981847521926463e+07
1.254708562216005930e+03 1.660000000000000000e+02 5.000000000000000000e+00 2.450030362943241745e+07
1.205556145337512817e+03 1.740000000000000000e+02 5.000000000000000000e+00 2.577352261161563545e+07
1.164187852407451601e+03 1.830000000000000000e+02 5.000000000000000000e+00 2.710191836539478973e+07
9.308301967819106721e+02 1.300000000000000000e+02 6.000000000000000000e+00 2.793205472908791155e+07
9.329823134297297429e+02 1.360000000000000000e+02 6.000000000000000000e+00 2.821337582316757366e+07
9.279150185376814761e+02 1.410000000000000000e+02 6.000000000000000000e+00 2.849129443088801950e+07
9.227867386313378120e+02 1.460000000000000000e+02 6.000000000000000000e+00 2.876661901841624081e+07
9.237294758045443359e+02 1.520000000000000000e+02 6.000000000000000000e+00 2.903829542561917752e+07
9.183559495244035134e+02 1.570000000000000000e+02 6.000000000000000000e+00 2.930703038209098577e+07
9.186081861234459893e+02 1.630000000000000000e+02 6.000000000000000000e+00 2.957372585727850348e+07
9.130724992926764116e+02 1.680000000000000000e+02 6.000000000000000000e+00 2.983688947410811484e+07
9.127868044890765304e+02 1.740000000000000000e+02 6.000000000000000000e+00 3.009868687344187126e+07
9.071467143649488207e+02 1.790000000000000000e+02 6.000000000000000000e+00 3.035723009561901540e+07
9.064355666296632990e+02 1.850000000000000000e+02 6.000000000000000000e+00 3.061442094905973971e+07
9.007320858671022279e+02 1.900000000000000000e+02 6.000000000000000000e+00 3.086919904936408997e+07
8.996801841971132490e+02 1.960000000000000000e+02 6.000000000000000000e+00 3.112217040212748572e+07
8.983934478123595682e+02 2.020000000000000000e+02 6.000000000000000000e+00 3.137383356953746453e+07
8.926152826367962234e+02 2.070000000000000000e+02 6.000000000000000000e+00 3.162311163202250749e+07
8.910903619951742485e+02 2.130000000000000000e+02 6.000000000000000000e+00 3.187106629277379811e+07
8.893901657268544341e+02 2.190000000000000000e+02 6.000000000000000000e+00 3.211775719147896767e+07
8.835932840137714948e+02 2.240000000000000000e+02 6.000000000000000000e+00 3.236301723679168522e+07
8.817239791782790235e+02 2.300000000000000000e+02 6.000000000000000000e+00 3.260657607020454109e+07
8.797210866107459424e+02 2.360000000000000000e+02 6.000000000000000000e+00 3.284900137497792765e+07
