1.200628885546373203e+04 2.100000000000000000e+01 4.000000000000000000e+00 1.399266684505494079e+06
1.167502923365032257e+04 2.700000000000000000e+01 4.000000000000000000e+00 1.541752028176472755e+06
1.120230966557353713e+04 3.300000000000000000e+01 4.000000000000000000e+00 1.683326333594743395e+06
1.068024396548230652e+04 3.900000000000000000e+01 4.000000000000000000e+00 1.825800989473877242e+06
1.014682182434832612e+04 4.500000000000000000e+01 4.000000000000000000e+00 1.971060529712660471e+06
9.814298391201835329e+03 5.200000000000000000e+01 4.000000000000000000e+00 2.119356796676005702e+06
9.278682230459633502e+03 5.800000000000000000e+01 4.000000000000000000e+00 2.273050048170937225e+06
8.909068994738794572e+03 6.500000000000000000e+01 4.000000000000000000e+00 2.431978771234323736e+06
8.528505723255033445e+03 7.200000000000000000e+01 4.000000000000000000e+00 2.597623414080421440e+06
8.147237717239258018e+03 7.900000000000000000e+01 4.000000000000000000e+00 2.770439424354618881e+06
7.681132430341834151e+03 8.500000000000000000e+01 4.000000000000000000e+00 2.950953765245514456e+06
7.325206979833563310e+03 9.200000000000000000e+01 4.000000000000000000e+00 3.139843019223817624e+06
6.978696125525036223e+03 9.900000000000000000e+01 4.000000000000000000e+00 3.337889661345056724e+06
6.706247539889272957e+03 1.070000000000000000e+02 4.000000000000000000e+00 3.545615880765769165e+06
6.376631852577025711e+03 1.140000000000000000e+02 4.000000000000000000e+00 3.763742451322596055e+06
6.060567602554088808e+03 1.210000000000000000e+02 4.000000000000000000e+00 3.993025338056035340e+06
5.758074649862982369e+03 1.280000000000000000e+02 4.000000000000000000e+00 4.234219572254510596e+06
5.468995426716578550e+03 1.350000000000000000e+02 4.000000000000000000e+00 4.488110270772506483e+06
5.230108949649515125e+03 1.430000000000000000e+02 4.000000000000000000e+00 4.755075937578294426e+06
4.963897500122413476e+03 1.500000000000000000e+02 4.000000000000000000e+00 5.036365073892737739e+06
4.740528448099594243e+03 1.580000000000000000e+02 4.000000000000000000e+00 5.332738802597917616e+06
4.496927507615565446e+03 1.650000000000000000e+02 4.000000000000000000e+00 5.644879829978675582e+06
4.290120807104091000e+03 1.730000000000000000e+02 4.000000000000000000e+00 5.974104409178651869e+06
4.068109212200522506e+03 1.800000000000000000e+02 4.000000000000000000e+00 6.320942819619224407e+06
3.877873980363265673e+03 1.880000000000000000e+02 4.000000000000000000e+00 6.686920362566678785e+06
3.676085878740326280e+03 1.950000000000000000e+02 4.000000000000000000e+00 7.072740098473799415e+06
3.501875020688310087e+03 2.030000000000000000e+02 4.000000000000000000e+00 7.479863853607291356e+06
3.196996372566088667e+03 1.560000000000000000e+02 5.000000000000000000e+00 7.624343965218597092e+06
3.174043559318370171e+03 1.620000000000000000e+02 5.000000000000000000e+00 7.733181377865435556e+06
3.150543089101892292e+03 1.680000000000000000e+02 5.000000000000000000e+00 7.841785258675495163e+06
3.126597975346050134e+03 1.740000000000000000e+02 5.000000000000000000e+00 7.950220352327734232e+06
3.102294886122152548e+03 1.800000000000000000e+02 5.000000000000000000e+00 8.058550498160355724e+06
3.077707152979788589e+03 1.860000000000000000e+02 5.000000000000000000e+00 8.166837806774334982e+06
3.068833349487983014e+03 1.930000000000000000e+02 5.000000000000000000e+00 8.275045905096874572e+06
3.043346654044935804e+03 1.990000000000000000e+02 5.000000000000000000e+00 8.383146388831919990e+06
3.017771481739519004e+03 2.050000000000000000e+02 5.000000000000000000e+00 8.491365285627627745e+06
3.006378528880808517e+03 2.120000000000000000e+02 5.000000000000000000e+00 8.599601909148136154e+06
2.980331311080401520e+03 2.180000000000000000e+02 5.000000000000000000e+00 8.707884541525332257e+06
2.967534651093519187e+03 2.250000000000000000e+02 5.000000000000000000e+00 8.816338736949063838e+06
2.941226987852391176e+03 2.310000000000000000e+02 5.000000000000000000e+00 8.924846707994842902e+06
2.927356607641492701e+03 2.380000000000000000e+02 5.000000000000000000e+00 9.033557570476578549e+06
2.900943741522379241e+03 2.440000000000000000e+02 5.000000000000000000e+00 9.142452075446488336e+06
2.886252071251631605e+03 2.510000000000000000e+02 5.000000000000000000e+00 9.251488435656631365e+06
2.871012635253280678e+03 2.580000000000000000e+02 5.000000000000000000e+00 9.360808681230023503e+06
2.844532430048638162e+03 2.640000000000000000e+02 5.000000000000000000e+00 9.470370323654020205e+06
