4.074643916797509746e+02 2.600000000000000000e+01 6.000000000000000000e+00 7.657110814365792274e+07
3.452143331893655613e+02 3.300000000000000000e+01 6.000000000000000000e+00 9.559278635715861619e+07
2.977509590120492362e+02 4.100000000000000000e+01 6.000000000000000000e+00 1.180276874991861731e+08
2.539055957138164956e+02 4.900000000000000000e+01 6.000000000000000000e+00 1.447388345132096410e+08
2.151420280475670950e+02 5.700000000000000000e+01 6.000000000000000000e+00 1.766275066980326772e+08
1.894135531812761144e+02 5.200000000000000000e+01 7.000000000000000000e+00 1.921720985042912364e+08
1.858122820764034770e+02 5.900000000000000000e+01 7.000000000000000000e+00 2.020612099797384143e+08
1.816849968841730742e+02 6.600000000000000000e+01 7.000000000000000000e+00 2.119052242081624568e+08
1.772658299650612150e+02 7.300000000000000000e+01 7.000000000000000000e+00 2.217443278010194302e+08
1.748546053281133652e+02 8.100000000000000000e+01 7.000000000000000000e+00 2.316210083457741439e+08
1.700336279881653638e+02 8.800000000000000000e+01 7.000000000000000000e+00 2.415208518018857539e+08
1.669897171982779582e+02 9.600000000000000000e+01 7.000000000000000000e+00 2.515124925334810615e+08
1.637000746454067723e+02 1.040000000000000000e+02 7.000000000000000000e+00 2.615974947141924500e+08
1.602562215279196209e+02 1.120000000000000000e+02 7.000000000000000000e+00 2.717869867409007549e+08
1.567211616311580826e+02 1.200000000000000000e+02 7.000000000000000000e+00 2.820967242435234189e+08
1.531392912878780805e+02 1.280000000000000000e+02 7.000000000000000000e+00 2.925441251767513156e+08
1.495424754007922843e+02 1.360000000000000000e+02 7.000000000000000000e+00 3.031468698898718357e+08
1.469739742180036899e+02 1.450000000000000000e+02 7.000000000000000000e+00 3.139083901203519106e+08
1.433459043779107844e+02 1.530000000000000000e+02 7.000000000000000000e+00 3.248451191778864861e+08
1.406422020529500685e+02 1.620000000000000000e+02 7.000000000000000000e+00 3.359589035886322260e+08
1.378762474915514815e+02 1.710000000000000000e+02 7.000000000000000000e+00 3.472679367991494536e+08
1.350734549102164692e+02 1.800000000000000000e+02 7.000000000000000000e+00 3.587791434945594668e+08
1.322533391322595548e+02 1.890000000000000000e+02 7.000000000000000000e+00 3.705010423290537596e+08
1.294310105930453290e+02 1.980000000000000000e+02 7.000000000000000000e+00 3.824431237397736907e+08
1.266182437359223769e+02 2.070000000000000000e+02 7.000000000000000000e+00 3.946154658849037886e+08
1.243990033360052081e+02 2.170000000000000000e+02 7.000000000000000000e+00 4.070236253949017525e+08
1.215990411693308033e+02 2.260000000000000000e+02 7.000000000000000000e+00 4.196764840723700523e+08
1.193400246020887039e+02 2.360000000000000000e+02 7.000000000000000000e+00 4.325874757620625496e+08
1.165872230076941776e+02 2.450000000000000000e+02 7.000000000000000000e+00 4.457580824810212851e+08
1.143288242675066613e+02 2.550000000000000000e+02 7.000000000000000000e+00 4.592017834204300046e+08
1.120679265866254894e+02 2.650000000000000000e+02 7.000000000000000000e+00 4.729274611771497726e+08
1.094131384402646603e+02 2.740000000000000000e+02 7.000000000000000000e+00 4.869413174439316988e+08
1.071912298221649706e+02 2.840000000000000000e+02 7.000000000000000000e+00 5.012511734296708703e+08
1.049840115316567903e+02 2.940000000000000000e+02 7.000000000000000000e+00 5.158680254898754358e+08
1.027958748295405655e+02 3.040000000000000000e+02 7.000000000000000000e+00 5.308005078470562100e+08
1.009508878836517880e+02 3.150000000000000000e+02 7.000000000000000000e+00 5.460576044019823074e+08
9.879507040935486373e+01 3.250000000000000000e+02 7.000000000000000000e+00 5.616454813801585436e+08
9.666835206324979879e+01 3.350000000000000000e+02 7.000000000000000000e+00 5.775761367774404287e+08
9.457250363544594052e+01 3.450000000000000000e+02 7.000000000000000000e+00 5.938596160483214855e+08
9.276978942665711259e+01 3.560000000000000000e+02 7.000000000000000000e+00 6.105043892671524286e+08
9.072786641571325106e+01 3.660000000000000000e+02 7.000000000000000000e+00 6.275176038248926401e+08
8.895689931800697536e+01 3.770000000000000000e+02 7.000000000000000000e+00 6.449141736865636110e+08
8.697530124327600731e+01 3.870000000000000000e+02 7.000000000000000000e+00 6.626973065735300779e+08
8.524465392995702473e+01 3.980000000000000000e+02 7.000000000000000000e+00 6.808833632471282482e+08
8.332733902442338092e+01 4.080000000000000000e+02 7.000000000000000000e+00 6.994788861388053894e+08
